0 99 0.19927
1 94 2.23516
1 59 1.34165
1 42 1.24109
1 31 4.31867
2 8 4.54806
2 64 1.41449
2 20 4.98745
2 79 4.30585
2 12 0.28648
3 72 0.79955
3 59 0.99284
4 87 3.74187
4 27 2.29328
4 25 3.92629
4 72 3.99395
5 72 3.43218
5 97 3.2367
5 55 0.77183
5 91 2.05808
5 3 1.82188
6 41 2.98826
6 17 2.66484
7 44 2.35471
7 51 3.90036
7 15 3.59273
7 43 2.1123
7 1 4.08649
7 77 2.6343
7 55 2.00492
8 65 1.91651
8 76 2.31814
8 20 2.45119
8 15 1.15924
9 96 4.48545
9 30 2.19896
10 39 4.86789
10 86 1.43086
10 9 1.20062
11 49 4.99989
11 94 3.48208
13 30 2.0355
13 72 1.496
13 81 2.20011
13 92 2.92336
13 76 1.61727
13 77 0.17451
13 0 3.95135
13 54 0.33813
14 69 2.42775
14 2 3.37109
14 67 4.8718
15 71 2.56057
15 31 1.66643
15 55 3.21385
15 91 2.48574
15 2 2.14184
16 40 4.0693
16 79 1.98982
16 57 0.12086
16 81 0.04178
16 63 4.18921
18 33 0.35893
18 34 1.57495
18 6 3.47728
18 19 0.46233
19 70 4.70915
19 59 1.28902
19 32 1.97957
19 98 4.60769
20 56 0.16414
20 13 2.50649
20 54 2.27486
20 69 1.89205
20 61 4.01991
20 99 2.39907
21 52 2.66904
21 30 4.58541
21 80 4.38712
22 26 2.04364
22 20 0.15229
22 42 2.64723
22 1 2.02599
22 14 4.45063
22 72 2.92688
23 29 0.84584
23 38 2.54587
23 8 2.16537
23 39 3.45711
23 92 2.57262
24 83 2.20209
24 19 1.72928
24 91 1.33491
25 30 1.69566
25 67 1.84319
26 6 4.37078
26 36 0.49551
26 51 3.54832
26 87 3.76464
26 69 4.47737
26 37 4.81682
28 29 2.35898
28 67 3.33595
28 11 2.34356
29 22 3.20027
29 25 3.23838
29 67 3.9146
30 80 3.86057
30 27 3.26907
30 50 0.93723
30 45 1.90314
30 26 1.63934
31 76 2.59233
31 15 3.19086
31 49 1.59083
31 74 1.06995
31 45 3.79507
32 55 4.23096
32 93 1.6903
32 88 1.65574
33 97 2.99868
33 8 1.31302
33 41 3.56766
33 52 1.99497
33 51 2.67063
34 28 0.36115
34 74 4.67396
34 43 3.29518
35 58 1.0394
35 72 1.66371
35 69 3.06633
35 81 2.65285
35 54 3.15507
36 80 1.65083
36 92 2.33611
36 7 4.14495
36 23 0.81753
36 86 3.26973
36 38 4.25307
36 57 0.38098
37 95 0.1302
37 8 0.81853
38 10 3.4455
38 61 2.25993
38 92 2.37166
38 68 1.5907
39 94 4.40642
39 47 3.87215
40 47 0.22488
40 23 3.91362
40 59 0.42525
41 48 2.28505
41 80 3.47185
41 28 0.29626
41 2 4.18
41 12 4.04096
42 77 0.57445
42 23 1.71621
42 72 0.12372
43 87 0.70465
43 32 0.85562
43 71 3.43745
44 9 0.41962
44 57 0.21951
44 26 3.46231
46 64 2.98855
46 38 0.6083
46 61 0.39046
46 27 2.00681
47 37 1.10285
47 85 3.13185
47 86 1.65953
47 31 1.65142
47 9 4.21771
47 64 2.13953
48 4 0.16022
48 3 0.90502
49 10 1.15193
49 82 4.9057
49 91 3.28355
49 28 1.58164
49 65 4.13186
50 56 4.91517
50 61 2.37709
50 3 0.03005
50 86 2.49826
50 95 2.06637
51 19 3.26495
51 39 1.5433
51 98 2.75069
51 81 4.58641
52 28 2.53566
52 92 0.14942
53 40 3.99311
53 5 2.61467
53 47 3.61114
53 86 0.42262
54 84 2.08113
54 46 2.36429
54 27 0.7320955 86 0.70415
55 0 4.51502
56 78 4.68704
56 97 1.60633
56 57 2.588
56 28 0.73186
56 50 4.87395
57 19 0.21719
57 34 3.42367
57 86 3.15985
58 69 2.38861
58 79 3.05299
58 18 3.76598
58 57 3.58164
58 75 3.10801
59 58 1.13785
59 39 4.66817
59 78 3.5454
59 70 0.52261
60 39 4.5724
60 93 1.48674
60 77 4.4408
60 20 3.02956
60 61 4.93624
60 90 0.13834
61 13 0.10629
61 58 4.85891
62 28 3.90716
62 97 0.16661
62 77 1.10545
62 74 2.84281
62 71 0.62133
62 79 1.46362
62 95 1.9398
62 57 0.93418
63 61 0.60722
63 24 3.45561
63 59 4.54017
64 57 3.71191
65 15 1.92173
65 12 2.09223
65 69 2.70711
65 93 4.74281
65 20 4.72709
66 79 4.05062
66 7 0.1963
66 71 0.44532
66 73 4.97353
67 76 0.49961
67 80 4.9226
67 17 3.51123
67 1 0.48629
67 31 1.11511
68 73 2.78309
68 76 3.19048
68 26 2.87344
69 73 4.82645
69 39 4.37042
69 61 1.44479
69 51 2.03154
69 10 2.09042
70 31 3.90906
70 55 2.47901
70 58 3.62923
70 48 1.95802
70 1 0.25545
70 76 3.59607
70 14 3.57324
71 46 1.239
71 22 1.74438
71 47 0.63575
71 51 2.06486
71 61 0.9186
71 54 1.72063
71 40 2.83798
72 0 4.81024
72 23 2.46853
73 65 4.34191
73 11 0.55441
73 51 4.49559
73 44 1.91047
73 85 2.73873
74 28 0.03952
74 81 0.50534
74 45 1.66661
74 58 1.03411
74 14 4.56551
74 41 2.88903
74 27 1.80031
75 91 4.88524
75 96 2.77417
75 34 0.30408
75 23 2.62008
75 55 0.46883
76 37 3.78883
76 31 3.87851
76 12 0.44199
76 1 4.73588
77 42 1.45606
77 64 1.29824
77 26 2.41104
77 94 3.39609
78 33 4.40933
78 7 4.79344
78 90 1.85146
78 66 2.45772
78 5 3.99555
78 9 0.42615
78 75 4.56466
79 22 0.23935
79 14 4.33203
79 64 0.80998
79 80 2.11746
79 5 2.46155
80 59 4.26226
80 49 3.1082
80 44 2.84261
80 71 0.89932
80 6 1.9599
80 60 4.75218
80 68 1.26651
81 79 2.29734
81 54 3.98591
81 40 3.97325
81 9 1.83426
82 52 1.65776
82 1 3.1218
82 96 4.57124
82 85 4.58644
82 84 1.15256
82 60 0.236
84 76 4.92163
84 86 3.31678
85 94 1.23405
85 53 0.27486
85 54 4.1027
85 81 3.66473
85 65 3.08839
85 48 2.78162
85 50 3.70087
85 41 4.21335
86 50 4.59557
86 80 3.03762
86 67 3.59546
86 61 2.14199
86 93 3.81602
86 95 2.13203
87 5 1.25921
87 97 1.7836
87 8 0.64367
88 9 0.63288
88 26 0.86099
88 70 0.06736
88 17 0.23153
88 16 0.05291
88 4 3.18308
88 95 3.32625
89 33 3.80943
89 18 1.88896
89 29 3.06362
89 43 1.56701
89 39 1.6381
90 60 4.24827
90 79 2.51828
90 55 1.1376
90 27 2.38883
90 51 3.70672
91 44 2.78061
91 63 2.59222
91 66 4.12749
91 18 4.45103
92 90 3.08619
92 88 2.61522
93 90 1.99598
93 95 0.91691
93 23 0.40718
93 34 0.69031
93 49 3.82547
93 79 3.51471
93 16 3.08553
93 7 3.93886
94 84 4.80534
94 32 0.38512
94 81 2.54145
95 12 4.97658
95 66 0.25161
95 37 2.51084
96 9 2.86003
96 27 4.66317
96 64 1.10467
97 51 0.80703
98 31 1.70297
98 54 4.96966
98 35 3.84751
99 19 2.91262
99 66 1.95648
99 77 4.53346
99 22 1.55965
99 83 3.91185
99 82 1.40546
