0 13 1.31027
0 11 1.14997
0 88 4.83241
0 87 2.5835
1 51 3.77343
1 72 0.66798
1 89 0.99882
1 23 1.45267
1 84 2.72382
1 78 0.68273
2 38 0.37512
2 88 0.39614
2 22 2.33994
3 80 0.44446
3 96 3.82517
3 94 1.07591
3 93 3.22833
3 70 0.80231
3 46 1.99805
3 22 4.76934
3 61 0.39078
4 55 0.05408
4 23 2.53521
4 78 3.98112
4 17 3.43546
4 34 0.20523
4 26 1.20169
4 33 2.27536
4 75 4.61889
4 22 1.45976
5 86 2.40552
5 23 0.4577
5 54 2.89451
6 84 3.36259
6 58 1.7413
6 14 2.44111
7 6 4.74831
7 19 2.64045
7 40 4.76356
7 52 0.8379
8 28 1.29246
8 94 0.17485
8 32 0.97793
8 77 3.32383
9 58 3.82672
9 5 1.87384
9 57 4.48331
9 67 1.17909
10 54 1.67608
10 69 4.52393
10 11 3.09928
10 15 0.91586
10 59 4.90164
11 94 1.06954
11 12 4.65566
11 42 3.99148
11 41 1.18055
11 2 0.60703
12 40 4.36821
13 50 1.78488
13 95 4.62555
13 82 1.68232
13 51 3.00472
13 73 3.61151
13 48 4.21883
13 2 3.65314
13 54 4.0678
14 48 3.31707
14 65 3.71332
14 27 4.22838
14 70 4.69507
15 56 1.35405
15 18 0.67193
15 67 3.74515
15 19 2.30893
15 40 1.32656
16 56 1.99372
16 90 0.5055
16 14 4.95448
17 91 2.83535
17 77 0.21731
17 84 3.19339
18 16 3.83785
18 21 0.58512
18 73 2.14846
18 30 3.45642
18 89 2.42919
18 65 0.5635
18 87 0.66918
19 28 0.63632
19 79 2.04546
19 81 0.10569
19 87 3.13113
19 53 0.64731
19 57 4.3109
20 89 2.07153
20 99 0.95857
20 47 1.05163
20 4 2.73281
21 87 3.39887
21 75 3.51356
21 63 3.28296
21 27 0.00242
21 10 1.82411
21 24 4.28131
21 64 2.15693
21 61 0.72036
22 1 1.48531
22 34 3.67495
22 25 2.02265
22 64 2.66817
22 74 0.15608
22 95 0.73414
22 54 2.43228
23 46 1.21711
23 68 0.13571
23 47 1.65162
23 51 2.29546
23 86 0.55667
23 11 0.50743
24 53 0.96062
24 39 2.83957
24 8 3.57591
24 84 0.6888
25 22 2.25532
25 76 0.07644
25 96 0.6803
25 16 0.77802
25 18 1.28754
26 30 3.08232
26 1 3.23929
27 5 0.44951
27 61 4.4192
27 89 2.94227
28 35 3.88874
28 2 1.94036
28 22 3.57929
28 89 4.38586
28 19 1.10109
29 85 0.25404
29 96 4.18522
29 83 3.89497
29 27 4.96301
29 69 4.60226
30 56 3.88686
30 57 2.00974
30 13 2.73962
30 0 1.82269
30 5 4.47567
31 40 3.61251
31 77 1.01923
31 98 1.76854
31 34 1.76065
32 21 0.59884
32 3 2.45604
32 79 2.79637
32 68 4.82582
33 62 4.43817
33 67 2.82892
33 44 3.54128
34 12 0.41491
34 48 4.51417
34 1 4.21873
34 67 2.13761
34 7 2.53326
35 24 4.8074
35 66 1.34713
35 74 1.61134
35 95 2.72752
36 40 2.10688
36 50 2.19727
36 21 4.35329
36 1 4.49524
36 45 0.62434
36 80 0.62562
36 82 4.35532
36 44 3.21689
36 76 3.66003
36 35 3.84483
36 2 3.53919
36 56 0.63124
37 0 0.68717
37 32 3.65934
37 29 2.45281
37 71 1.82801
37 73 3.03508
37 98 1.64084
38 32 4.95998
38 16 4.11858
38 25 0.57797
39 18 3.69518
39 15 2.98999
39 36 0.24886
39 71 3.57578
39 43 3.2367
39 45 3.54008
40 27 1.66899
40 37 2.49631
40 87 2.66168
40 4 3.2158140 39 1.15585
40 15 4.04393
40 42 0.90022
41 57 1.13414
41 94 1.26428
41 21 3.11942
41 9 1.21713
41 67 2.86978
41 65 2.21972
42 26 3.43547
42 91 1.95734
42 28 3.75344
43 66 4.66864
43 59 2.29895
43 49 3.43652
43 94 4.5971
43 97 3.03702
43 72 3.22809
44 89 2.0839
44 84 0.10878
44 53 0.02564
44 98 1.88184
44 12 4.06417
44 3 4.37266
45 13 0.6663
45 53 1.566
45 7 4.46456
45 2 1.13342
45 98 4.89993
46 77 0.72592
46 10 3.46567
46 79 2.44002
46 7 2.51148
46 37 4.78669
46 43 1.03773
47 28 1.80796
47 70 4.47825
47 43 2.47392
47 36 0.93093
47 61 3.13822
48 55 1.3728
48 4 0.50618
48 27 2.54984
49 98 0.72039
50 16 2.88141
50 87 4.69665
50 97 3.93272
50 53 1.5189
50 18 2.14067
50 68 0.49998
50 35 4.3904
50 88 2.1819
50 24 3.37485
51 32 0.82341
51 39 3.11587
51 21 0.96719
52 5 1.8704
52 51 0.15691
52 82 1.92899
52 18 4.64073
52 54 3.90159
52 12 3.28245
53 13 3.88861
53 18 0.42657
53 2 4.11975
53 20 0.29591
53 27 4.4121
53 7 4.49702
53 59 1.29147
53 56 0.92919
54 0 4.90097
54 83 1.14632
54 5 0.15549
54 92 4.13192
54 29 3.3835
54 94 1.26598
54 51 3.7371
55 6 3.24057
55 36 1.05742
56 1 4.40791
56 39 2.99601
56 70 4.52423
56 92 0.02898
56 52 1.66278
56 40 4.22614
57 95 3.59533
57 93 2.79038
57 73 3.88654
58 49 0.11562
58 16 3.98192
58 55 1.56341
59 44 0.72408
59 19 3.49377
59 64 0.10048
59 90 1.10861
59 71 4.14577
59 1 2.52559
59 5 1.712
60 46 1.81371
60 5 1.90496
60 6 1.8518
61 10 0.84507
61 0 0.2032
61 45 2.01218
62 99 4.24179
63 39 4.04529
63 71 3.56292
63 77 0.29269
64 11 4.65219
64 68 4.93971
65 99 0.36609
65 34 4.92857
65 8 3.42167
66 41 4.21891
66 76 3.56585
66 27 3.63823
66 61 1.43658
66 15 1.22105
66 13 3.12432
67 53 2.46925
67 14 0.0125
67 36 4.33826
67 34 3.04548
67 62 1.84325
67 93 2.50259
67 43 3.63489
67 76 1.36775
67 86 2.41354
68 14 0.45844
68 71 4.80048
68 19 2.73754
68 26 2.81907
68 20 2.61465
69 55 2.90948
69 92 1.8619
69 12 1.94025
70 97 1.3081
70 43 1.8448
71 11 3.7521
71 83 4.24148
71 92 3.06086
71 4 4.56207
71 60 1.85133
71 69 2.72817
72 54 1.35064
72 5 1.34663
72 69 2.65057
72 32 4.69183
72 40 4.24749
73 88 3.10532
73 4 0.99737
74 16 0.21102
74 78 1.15865
74 61 2.10188
74 34 0.73021
74 23 0.47407
75 81 2.19764
75 96 4.5485
75 86 2.23186
76 2 2.99753
76 80 2.81056
76 91 4.67498
77 49 3.62875
77 39 4.86836
77 23 0.28996
77 81 4.44729
77 47 3.19831
78 58 1.12131
78 15 2.60115
78 72 3.84291
78 49 2.27887
78 87 2.1239
79 6 3.63352
79 23 0.89833
79 66 3.04031
79 34 0.81421
79 68 1.68129
79 97 0.78731
79 15 3.50077
80 32 4.45808
80 77 1.83973
80 93 3.67537
80 20 3.34928
80 63 4.80436
80 25 3.45221
81 84 1.65099
81 93 3.23044
81 62 1.40432
81 29 1.67896
81 46 1.60839
81 21 0.25453
81 16 2.39567
81 99 4.19425
82 68 4.12152
82 37 0.39241
82 17 2.08077
82 30 3.79379
82 20 4.93164
82 66 0.50237
83 73 2.12362
83 57 3.39564
84 38 2.49435
84 60 3.93622
84 3 3.90263
84 70 2.1091
84 65 0.649
84 13 4.57844
85 59 2.87439
85 12 4.18123
85 61 0.86574
85 2 2.06808
85 55 0.80341
86 16 3.63399
86 51 1.43578
86 18 0.27427
86 9 4.60312
86 68 1.70121
86 43 4.44435
86 85 2.07384
87 24 1.10241
87 61 4.50327
87 70 2.98965
87 23 3.41194
87 94 1.32743
87 82 4.65134
88 40 0.92149
88 31 2.43378
88 56 3.93548
88 23 4.86528
88 4 2.70666
88 95 3.55057
89 59 4.68856
89 85 0.61074
89 5 4.13608
89 88 0.23657
89 82 1.09253
89 10 4.4443
90 62 0.81603
90 43 4.61286
90 41 0.74139
90 86 3.63327
90 52 3.1908
90 47 2.59826
90 97 4.52942
91 46 2.26303
91 30 4.83135
91 93 3.14525
91 85 1.21487
91 2 3.61818
92 19 4.46688
92 26 1.84511
92 27 0.4374
92 12 2.7077
92 23 1.88851
92 0 3.70123
93 8 4.95718
93 0 2.41783
93 81 0.59399
94 36 4.36715
94 44 0.5285
94 34 0.39564
94 73 3.34408
94 64 1.19958
95 40 2.42495
95 38 3.72603
95 81 4.78247
95 22 4.07988
95 41 3.92516
95 47 4.26579
95 13 1.38023
96 95 0.31165
96 41 3.38289
96 68 1.4443
96 63 4.93447
96 37 1.4741
96 15 1.12087
96 77 3.00018
96 12 2.78684
96 89 4.73781
96 52 4.6065
96 91 0.15459
96 46 1.46248
97 25 3.07227
97 94 1.28559
97 45 4.21289
97 15 2.87632
97 2 1.48842
98 54 4.27618
98 69 1.29567
98 39 0.49278
98 13 2.80618
98 12 3.83364
98 67 4.4688
98 84 4.21951
99 77 0.92702
99 40 3.52336
99 59 3.46271
99 61 2.66476
99 11 2.96468
99 84 3.47763
